   0.0000000e+00   1.3200000e+02   0.0000000e+00   9.6322994e+02   1.9265269e+02
   3.3000000e+01   1.3200000e+02   0.0000000e+00   1.0108444e+03   1.6611863e+02
   6.6000000e+01   1.3200000e+02   0.0000000e+00   1.0588634e+03   1.4109965e+02
   9.9000000e+01   1.3200000e+02   0.0000000e+00   1.1057065e+03   1.1453842e+02
   0.0000000e+00   9.9000000e+01   0.0000000e+00   9.9079743e+02   2.3867333e+02
   3.3000000e+01   9.9000000e+01   0.0000000e+00   1.0394840e+03   2.1231623e+02
   6.6000000e+01   9.9000000e+01   0.0000000e+00   1.0872440e+03   1.8527301e+02
   9.9000000e+01   9.9000000e+01   0.0000000e+00   1.1350552e+03   1.6056907e+02
   0.0000000e+00   6.6000000e+01   0.0000000e+00   1.0194878e+03   2.8559434e+02
   3.3000000e+01   6.6000000e+01   0.0000000e+00   1.0677160e+03   2.5804708e+02
   6.6000000e+01   6.6000000e+01   0.0000000e+00   1.1154358e+03   2.3179748e+02
   9.9000000e+01   6.6000000e+01   0.0000000e+00   1.1635323e+03   2.0501134e+02
   0.0000000e+00   3.3000000e+01   0.0000000e+00   1.0478892e+03   3.3237007e+02
   3.3000000e+01   3.3000000e+01   0.0000000e+00   1.0963720e+03   3.0516176e+02
   6.6000000e+01   3.3000000e+01   0.0000000e+00   1.1444220e+03   2.7783603e+02
   9.9000000e+01   3.3000000e+01   0.0000000e+00   1.1927286e+03   2.5117124e+02
   0.0000000e+00   0.0000000e+00   0.0000000e+00   1.0766432e+03   3.7986007e+02
   3.3000000e+01   0.0000000e+00   0.0000000e+00   1.1254736e+03   3.5230724e+02
   6.6000000e+01   0.0000000e+00   0.0000000e+00   1.1737805e+03   3.2518610e+02
   9.9000000e+01   0.0000000e+00   0.0000000e+00   1.2224101e+03   2.9759583e+02
