   0.0000000e+00   1.3200000e+02   0.0000000e+00   9.8575210e+02   6.4517890e+02
   3.3000000e+01   1.3200000e+02   0.0000000e+00   1.0954897e+03   6.5518933e+02
   6.6000000e+01   1.3200000e+02   0.0000000e+00   1.2096811e+03   6.6494788e+02
   9.9000000e+01   1.3200000e+02   0.0000000e+00   1.3307717e+03   6.7582823e+02
   0.0000000e+00   9.9000000e+01   0.0000000e+00   9.5277542e+02   6.9464148e+02
   3.3000000e+01   9.9000000e+01   0.0000000e+00   1.0704870e+03   7.0626861e+02
   6.6000000e+01   9.9000000e+01   0.0000000e+00   1.1941391e+03   7.1809965e+02
   9.9000000e+01   9.9000000e+01   0.0000000e+00   1.3238195e+03   7.3196184e+02
   0.0000000e+00   6.6000000e+01   0.0000000e+00   9.1449221e+02   7.5207788e+02
   3.3000000e+01   6.6000000e+01   0.0000000e+00   1.0421441e+03   7.6552682e+02
   6.6000000e+01   6.6000000e+01   0.0000000e+00   1.1748363e+03   7.8071944e+02
   9.9000000e+01   6.6000000e+01   0.0000000e+00   1.3167034e+03   7.9627596e+02
   0.0000000e+00   3.3000000e+01   0.0000000e+00   8.6973361e+02   8.1951175e+02
   3.3000000e+01   3.3000000e+01   0.0000000e+00   1.0072382e+03   8.3621795e+02
   6.6000000e+01   3.3000000e+01   0.0000000e+00   1.1525000e+03   8.5497213e+02
   9.9000000e+01   3.3000000e+01   0.0000000e+00   1.3072588e+03   8.7406188e+02
   0.0000000e+00   0.0000000e+00   0.0000000e+00   8.1539024e+02   9.0086251e+02
   3.3000000e+01   0.0000000e+00   0.0000000e+00   9.6625014e+02   9.2245615e+02
   6.6000000e+01   0.0000000e+00   0.0000000e+00   1.1252477e+03   9.4542320e+02
   9.9000000e+01   0.0000000e+00   0.0000000e+00   1.2956230e+03   9.6909756e+02
