   0.0000000e+00   1.3200000e+02   0.0000000e+00   7.8957768e+02   7.8814933e+02
   3.3000000e+01   1.3200000e+02   0.0000000e+00   6.4988595e+02   7.9927457e+02
   6.6000000e+01   1.3200000e+02   0.0000000e+00   5.0797259e+02   8.0944068e+02
   9.9000000e+01   1.3200000e+02   0.0000000e+00   3.6729357e+02   8.1913268e+02
   0.0000000e+00   9.9000000e+01   0.0000000e+00   7.8754898e+02   7.0723434e+02
   3.3000000e+01   9.9000000e+01   0.0000000e+00   6.5838426e+02   7.1656830e+02
   6.6000000e+01   9.9000000e+01   0.0000000e+00   5.2707754e+02   7.2528588e+02
   9.9000000e+01   9.9000000e+01   0.0000000e+00   3.9569540e+02   7.3450542e+02
   0.0000000e+00   6.6000000e+01   0.0000000e+00   7.8543324e+02   6.3766933e+02
   3.3000000e+01   6.6000000e+01   0.0000000e+00   6.6541478e+02   6.4538226e+02
   6.6000000e+01   6.6000000e+01   0.0000000e+00   5.4359917e+02   6.5344684e+02
   9.9000000e+01   6.6000000e+01   0.0000000e+00   4.2025495e+02   6.6117899e+02
   0.0000000e+00   3.3000000e+01   0.0000000e+00   7.8355634e+02   5.7765248e+02
   3.3000000e+01   3.3000000e+01   0.0000000e+00   6.7169205e+02   5.8379455e+02
   6.6000000e+01   3.3000000e+01   0.0000000e+00   5.5783452e+02   5.9034631e+02
   9.9000000e+01   3.3000000e+01   0.0000000e+00   4.4318667e+02   5.9662729e+02
   0.0000000e+00   0.0000000e+00   0.0000000e+00   7.8154468e+02   5.2489079e+02
   3.3000000e+01   0.0000000e+00   0.0000000e+00   6.7661414e+02   5.3046161e+02
   6.6000000e+01   0.0000000e+00   0.0000000e+00   5.7051078e+02   5.3549930e+02
   9.9000000e+01   0.0000000e+00   0.0000000e+00   4.6192755e+02   5.4142248e+02
