   0.0000000e+00   1.3200000e+02   0.0000000e+00   6.4151944e+02   5.4022785e+02
   3.3000000e+01   1.3200000e+02   0.0000000e+00   6.4524028e+02   4.4711585e+02
   6.6000000e+01   1.3200000e+02   0.0000000e+00   6.4749992e+02   3.5335346e+02
   9.9000000e+01   1.3200000e+02   0.0000000e+00   6.5140970e+02   2.5742619e+02
   0.0000000e+00   9.9000000e+01   0.0000000e+00   7.3536454e+02   5.4587776e+02
   3.3000000e+01   9.9000000e+01   0.0000000e+00   7.3942998e+02   4.5366899e+02
   6.6000000e+01   9.9000000e+01   0.0000000e+00   7.4271359e+02   3.6021317e+02
   9.9000000e+01   9.9000000e+01   0.0000000e+00   7.4642663e+02   2.6429273e+02
   0.0000000e+00   6.6000000e+01   0.0000000e+00   8.2745615e+02   5.5164210e+02
   3.3000000e+01   6.6000000e+01   0.0000000e+00   8.3168232e+02   4.5998387e+02
   6.6000000e+01   6.6000000e+01   0.0000000e+00   8.3645163e+02   3.6715548e+02
   9.9000000e+01   6.6000000e+01   0.0000000e+00   8.4084743e+02   2.7182464e+02
   0.0000000e+00   3.3000000e+01   0.0000000e+00   9.1768405e+02   5.5706484e+02
   3.3000000e+01   3.3000000e+01   0.0000000e+00   9.2328468e+02   4.6599941e+02
   6.6000000e+01   3.3000000e+01   0.0000000e+00   9.2932495e+02   3.7357934e+02
   9.9000000e+01   3.3000000e+01   0.0000000e+00   9.3439219e+02   2.7849154e+02
   0.0000000e+00   0.0000000e+00   0.0000000e+00   1.0083139e+03   5.6235819e+02
   3.3000000e+01   0.0000000e+00   0.0000000e+00   1.0142784e+03   4.7182027e+02
   6.6000000e+01   0.0000000e+00   0.0000000e+00   1.0206839e+03   3.7971478e+02
   9.9000000e+01   0.0000000e+00   0.0000000e+00   1.0272749e+03   2.8549894e+02
