   0.0000000e+00   1.3200000e+02   0.0000000e+00   1.0874757e+03   5.8369736e+02
   3.3000000e+01   1.3200000e+02   0.0000000e+00   1.0787903e+03   6.4584608e+02
   6.6000000e+01   1.3200000e+02   0.0000000e+00   1.0707875e+03   7.0742717e+02
   9.9000000e+01   1.3200000e+02   0.0000000e+00   1.0627653e+03   7.6914467e+02
   0.0000000e+00   9.9000000e+01   0.0000000e+00   1.0261742e+03   5.7608160e+02
   3.3000000e+01   9.9000000e+01   0.0000000e+00   1.0176421e+03   6.3757517e+02
   6.6000000e+01   9.9000000e+01   0.0000000e+00   1.0095534e+03   6.9909550e+02
   9.9000000e+01   9.9000000e+01   0.0000000e+00   1.0014381e+03   7.6057295e+02
   0.0000000e+00   6.6000000e+01   0.0000000e+00   9.6430356e+02   5.6778518e+02
   3.3000000e+01   6.6000000e+01   0.0000000e+00   9.5646408e+02   6.2957527e+02
   6.6000000e+01   6.6000000e+01   0.0000000e+00   9.4841148e+02   6.9072406e+02
   9.9000000e+01   6.6000000e+01   0.0000000e+00   9.4000270e+02   7.5258062e+02
   0.0000000e+00   3.3000000e+01   0.0000000e+00   9.0310359e+02   5.5970559e+02
   3.3000000e+01   3.3000000e+01   0.0000000e+00   8.9475610e+02   6.2150728e+02
   6.6000000e+01   3.3000000e+01   0.0000000e+00   8.8662586e+02   6.8255187e+02
   9.9000000e+01   3.3000000e+01   0.0000000e+00   8.7846444e+02   7.4430103e+02
   0.0000000e+00   0.0000000e+00   0.0000000e+00   8.4167569e+02   5.5171556e+02
   3.3000000e+01   0.0000000e+00   0.0000000e+00   8.3359361e+02   6.1356154e+02
   6.6000000e+01   0.0000000e+00   0.0000000e+00   8.2550157e+02   6.7453266e+02
   9.9000000e+01   0.0000000e+00   0.0000000e+00   8.1722704e+02   7.3637209e+02
