   0.0000000e+00   1.3200000e+02   0.0000000e+00   7.3175706e+02   5.3647192e+02
   3.3000000e+01   1.3200000e+02   0.0000000e+00   6.8165990e+02   5.1221542e+02
   6.6000000e+01   1.3200000e+02   0.0000000e+00   6.3235335e+02   4.8822763e+02
   9.9000000e+01   1.3200000e+02   0.0000000e+00   5.8244841e+02   4.6448032e+02
   0.0000000e+00   9.9000000e+01   0.0000000e+00   7.5731930e+02   4.8727046e+02
   3.3000000e+01   9.9000000e+01   0.0000000e+00   7.0752405e+02   4.6360176e+02
   6.6000000e+01   9.9000000e+01   0.0000000e+00   6.5823508e+02   4.3992478e+02
   9.9000000e+01   9.9000000e+01   0.0000000e+00   6.0914021e+02   4.1559004e+02
   0.0000000e+00   6.6000000e+01   0.0000000e+00   7.8210589e+02   4.3874325e+02
   3.3000000e+01   6.6000000e+01   0.0000000e+00   7.3191426e+02   4.1524763e+02
   6.6000000e+01   6.6000000e+01   0.0000000e+00   6.8287679e+02   3.9209682e+02
   9.9000000e+01   6.6000000e+01   0.0000000e+00   6.3368400e+02   3.6801971e+02
   0.0000000e+00   3.3000000e+01   0.0000000e+00   8.0631163e+02   3.9058694e+02
   3.3000000e+01   3.3000000e+01   0.0000000e+00   7.5739408e+02   3.6688308e+02
   6.6000000e+01   3.3000000e+01   0.0000000e+00   7.0848530e+02   3.4335649e+02
   9.9000000e+01   3.3000000e+01   0.0000000e+00   6.5958382e+02   3.1976416e+02
   0.0000000e+00   0.0000000e+00   0.0000000e+00   8.3123544e+02   3.4268502e+02
   3.3000000e+01   0.0000000e+00   0.0000000e+00   7.8157003e+02   3.1944919e+02
   6.6000000e+01   0.0000000e+00   0.0000000e+00   7.3350203e+02   2.9600282e+02
   9.9000000e+01   0.0000000e+00   0.0000000e+00   6.8379111e+02   2.7304731e+02
