   0.0000000e+00   1.3200000e+02   0.0000000e+00   1.1330668e+03   7.0455405e+02
   3.3000000e+01   1.3200000e+02   0.0000000e+00   1.1305626e+03   7.6917599e+02
   6.6000000e+01   1.3200000e+02   0.0000000e+00   1.1284348e+03   8.3594502e+02
   9.9000000e+01   1.3200000e+02   0.0000000e+00   1.1257774e+03   9.0498188e+02
   0.0000000e+00   9.9000000e+01   0.0000000e+00   1.0674781e+03   6.9989654e+02
   3.3000000e+01   9.9000000e+01   0.0000000e+00   1.0644145e+03   7.6459566e+02
   6.6000000e+01   9.9000000e+01   0.0000000e+00   1.0606413e+03   8.3084792e+02
   9.9000000e+01   9.9000000e+01   0.0000000e+00   1.0572769e+03   8.9975506e+02
   0.0000000e+00   6.6000000e+01   0.0000000e+00   1.0024939e+03   6.9555072e+02
   3.3000000e+01   6.6000000e+01   0.0000000e+00   9.9843162e+02   7.5981253e+02
   6.6000000e+01   6.6000000e+01   0.0000000e+00   9.9361018e+02   8.2638870e+02
   9.9000000e+01   6.6000000e+01   0.0000000e+00   9.8912790e+02   8.9471942e+02
   0.0000000e+00   3.3000000e+01   0.0000000e+00   9.3769035e+02   6.9137851e+02
   3.3000000e+01   3.3000000e+01   0.0000000e+00   9.3251500e+02   7.5540155e+02
   6.6000000e+01   3.3000000e+01   0.0000000e+00   9.2673665e+02   8.2152822e+02
   9.9000000e+01   3.3000000e+01   0.0000000e+00   9.2111408e+02   8.8978085e+02
   0.0000000e+00   0.0000000e+00   0.0000000e+00   8.7343140e+02   6.8694260e+02
   3.3000000e+01   0.0000000e+00   0.0000000e+00   8.6669798e+02   7.5083761e+02
   6.6000000e+01   0.0000000e+00   0.0000000e+00   8.6015896e+02   8.1677756e+02
   9.9000000e+01   0.0000000e+00   0.0000000e+00   8.5324712e+02   8.8510855e+02
