   0.0000000e+00   1.3200000e+02   0.0000000e+00   6.4536551e+02   2.8053267e+02
   3.3000000e+01   1.3200000e+02   0.0000000e+00   6.9618921e+02   2.4682978e+02
   6.6000000e+01   1.3200000e+02   0.0000000e+00   7.4448963e+02   2.1550032e+02
   9.9000000e+01   1.3200000e+02   0.0000000e+00   7.9244704e+02   1.8420726e+02
   0.0000000e+00   9.9000000e+01   0.0000000e+00   6.8826871e+02   3.2212621e+02
   3.3000000e+01   9.9000000e+01   0.0000000e+00   7.3872674e+02   2.8805957e+02
   6.6000000e+01   9.9000000e+01   0.0000000e+00   7.8736061e+02   2.5521362e+02
   9.9000000e+01   9.9000000e+01   0.0000000e+00   8.3383863e+02   2.2441226e+02
   0.0000000e+00   6.6000000e+01   0.0000000e+00   7.3303118e+02   3.6553219e+02
   3.3000000e+01   6.6000000e+01   0.0000000e+00   7.8322588e+02   3.2946184e+02
   6.6000000e+01   6.6000000e+01   0.0000000e+00   8.3070122e+02   2.9588780e+02
   9.9000000e+01   6.6000000e+01   0.0000000e+00   8.7754366e+02   2.6306939e+02
   0.0000000e+00   3.3000000e+01   0.0000000e+00   7.7805377e+02   4.0836335e+02
   3.3000000e+01   3.3000000e+01   0.0000000e+00   8.2736871e+02   3.7213510e+02
   6.6000000e+01   3.3000000e+01   0.0000000e+00   8.7531341e+02   3.3670843e+02
   9.9000000e+01   3.3000000e+01   0.0000000e+00   9.2155345e+02   3.0304991e+02
   0.0000000e+00   0.0000000e+00   0.0000000e+00   8.2353634e+02   4.5243830e+02
   3.3000000e+01   0.0000000e+00   0.0000000e+00   8.7273868e+02   4.1519030e+02
   6.6000000e+01   0.0000000e+00   0.0000000e+00   9.1982720e+02   3.7911022e+02
   9.9000000e+01   0.0000000e+00   0.0000000e+00   9.6621022e+02   3.4398728e+02
