   0.0000000e+00   1.3200000e+02   0.0000000e+00   1.0738066e+03   4.4316592e+02
   3.3000000e+01   1.3200000e+02   0.0000000e+00   1.1284797e+03   4.4596542e+02
   6.6000000e+01   1.3200000e+02   0.0000000e+00   1.1835137e+03   4.4822880e+02
   9.9000000e+01   1.3200000e+02   0.0000000e+00   1.2407269e+03   4.5056170e+02
   0.0000000e+00   9.9000000e+01   0.0000000e+00   1.0676931e+03   4.9319413e+02
   3.3000000e+01   9.9000000e+01   0.0000000e+00   1.1228334e+03   4.9617291e+02
   6.6000000e+01   9.9000000e+01   0.0000000e+00   1.1788676e+03   4.9918735e+02
   9.9000000e+01   9.9000000e+01   0.0000000e+00   1.2357819e+03   5.0268683e+02
   0.0000000e+00   6.6000000e+01   0.0000000e+00   1.0613222e+03   5.4420187e+02
   3.3000000e+01   6.6000000e+01   0.0000000e+00   1.1174801e+03   5.4761470e+02
   6.6000000e+01   6.6000000e+01   0.0000000e+00   1.1735342e+03   5.5130720e+02
   9.9000000e+01   6.6000000e+01   0.0000000e+00   1.2317366e+03   5.5458810e+02
   0.0000000e+00   3.3000000e+01   0.0000000e+00   1.0545312e+03   5.9643990e+02
   3.3000000e+01   3.3000000e+01   0.0000000e+00   1.1107045e+03   6.0048306e+02
   6.6000000e+01   3.3000000e+01   0.0000000e+00   1.1686264e+03   6.0454032e+02
   9.9000000e+01   3.3000000e+01   0.0000000e+00   1.2267045e+03   6.0902463e+02
   0.0000000e+00   0.0000000e+00   0.0000000e+00   1.0476720e+03   6.5017383e+02
   3.3000000e+01   0.0000000e+00   0.0000000e+00   1.1054970e+03   6.5466492e+02
   6.6000000e+01   0.0000000e+00   0.0000000e+00   1.1628024e+03   6.5965455e+02
   9.9000000e+01   0.0000000e+00   0.0000000e+00   1.2226764e+03   6.6427477e+02
