   0.0000000e+00   1.3200000e+02   0.0000000e+00   6.5626243e+02   8.3736821e+02
   3.3000000e+01   1.3200000e+02   0.0000000e+00   5.7953044e+02   8.2152773e+02
   6.6000000e+01   1.3200000e+02   0.0000000e+00   5.0443704e+02   8.0548577e+02
   9.9000000e+01   1.3200000e+02   0.0000000e+00   4.3068585e+02   7.8912586e+02
   0.0000000e+00   9.9000000e+01   0.0000000e+00   6.7785283e+02   7.6029003e+02
   3.3000000e+01   9.9000000e+01   0.0000000e+00   6.0215924e+02   7.4492437e+02
   6.6000000e+01   9.9000000e+01   0.0000000e+00   5.2692791e+02   7.2964097e+02
   9.9000000e+01   9.9000000e+01   0.0000000e+00   4.5437385e+02   7.1427410e+02
   0.0000000e+00   6.6000000e+01   0.0000000e+00   6.9855298e+02   6.8565563e+02
   3.3000000e+01   6.6000000e+01   0.0000000e+00   6.2358080e+02   6.7116732e+02
   6.6000000e+01   6.6000000e+01   0.0000000e+00   5.5021391e+02   6.5644865e+02
   9.9000000e+01   6.6000000e+01   0.0000000e+00   4.7727397e+02   6.4185175e+02
   0.0000000e+00   3.3000000e+01   0.0000000e+00   7.1843363e+02   6.1392679e+02
   3.3000000e+01   3.3000000e+01   0.0000000e+00   6.4440304e+02   5.9972864e+02
   6.6000000e+01   3.3000000e+01   0.0000000e+00   5.7159072e+02   5.8551876e+02
   9.9000000e+01   3.3000000e+01   0.0000000e+00   4.9953988e+02   5.7125931e+02
   0.0000000e+00   0.0000000e+00   0.0000000e+00   7.3673611e+02   5.4458560e+02
   3.3000000e+01   0.0000000e+00   0.0000000e+00   6.6465867e+02   5.3059368e+02
   6.6000000e+01   0.0000000e+00   0.0000000e+00   5.9315656e+02   5.1684517e+02
   9.9000000e+01   0.0000000e+00   0.0000000e+00   5.2228390e+02   5.0258063e+02
