   0.0000000e+00   1.3200000e+02   0.0000000e+00   5.6567341e+02   7.3143062e+02
   3.3000000e+01   1.3200000e+02   0.0000000e+00   6.0746692e+02   6.8604404e+02
   6.6000000e+01   1.3200000e+02   0.0000000e+00   6.4473024e+02   6.4455535e+02
   9.9000000e+01   1.3200000e+02   0.0000000e+00   6.8033543e+02   6.0608235e+02
   0.0000000e+00   9.9000000e+01   0.0000000e+00   6.3531227e+02   7.5420189e+02
   3.3000000e+01   9.9000000e+01   0.0000000e+00   6.7365827e+02   7.0729094e+02
   6.6000000e+01   9.9000000e+01   0.0000000e+00   7.0932094e+02   6.6427861e+02
   9.9000000e+01   9.9000000e+01   0.0000000e+00   7.4172485e+02   6.2526234e+02
   0.0000000e+00   6.6000000e+01   0.0000000e+00   7.0485802e+02   7.7755342e+02
   3.3000000e+01   6.6000000e+01   0.0000000e+00   7.4135512e+02   7.2853112e+02
   6.6000000e+01   6.6000000e+01   0.0000000e+00   7.7450320e+02   6.8447022e+02
   9.9000000e+01   6.6000000e+01   0.0000000e+00   8.0504398e+02   6.4355952e+02
   0.0000000e+00   3.3000000e+01   0.0000000e+00   7.7741812e+02   8.0047136e+02
   3.3000000e+01   3.3000000e+01   0.0000000e+00   8.1051168e+02   7.5019629e+02
   6.6000000e+01   3.3000000e+01   0.0000000e+00   8.4130328e+02   7.0467736e+02
   9.9000000e+01   3.3000000e+01   0.0000000e+00   8.6933378e+02   6.6238819e+02
   0.0000000e+00   0.0000000e+00   0.0000000e+00   8.5121130e+02   8.2416320e+02
   3.3000000e+01   0.0000000e+00   0.0000000e+00   8.8136610e+02   7.7259494e+02
   6.6000000e+01   0.0000000e+00   0.0000000e+00   9.0876999e+02   7.2548161e+02
   9.9000000e+01   0.0000000e+00   0.0000000e+00   9.3506844e+02   6.8199854e+02
