   0.0000000e+00   1.3200000e+02   0.0000000e+00   1.1014975e+03   6.5954944e+02
   3.3000000e+01   1.3200000e+02   0.0000000e+00   1.0967014e+03   7.2533562e+02
   6.6000000e+01   1.3200000e+02   0.0000000e+00   1.0912357e+03   7.9201172e+02
   9.9000000e+01   1.3200000e+02   0.0000000e+00   1.0860275e+03   8.6030648e+02
   0.0000000e+00   9.9000000e+01   0.0000000e+00   1.0363041e+03   6.5356987e+02
   3.3000000e+01   9.9000000e+01   0.0000000e+00   1.0303140e+03   7.1921295e+02
   6.6000000e+01   9.9000000e+01   0.0000000e+00   1.0248000e+03   7.8595375e+02
   9.9000000e+01   9.9000000e+01   0.0000000e+00   1.0192876e+03   8.5367569e+02
   0.0000000e+00   6.6000000e+01   0.0000000e+00   9.7055392e+02   6.4758344e+02
   3.3000000e+01   6.6000000e+01   0.0000000e+00   9.6473908e+02   7.1311973e+02
   6.6000000e+01   6.6000000e+01   0.0000000e+00   9.5833041e+02   7.7967880e+02
   9.9000000e+01   6.6000000e+01   0.0000000e+00   9.5247945e+02   8.4745935e+02
   0.0000000e+00   3.3000000e+01   0.0000000e+00   9.0545668e+02   6.4171082e+02
   3.3000000e+01   3.3000000e+01   0.0000000e+00   8.9871499e+02   7.0732117e+02
   6.6000000e+01   3.3000000e+01   0.0000000e+00   8.9247780e+02   7.7353698e+02
   9.9000000e+01   3.3000000e+01   0.0000000e+00   8.8529792e+02   8.4145272e+02
   0.0000000e+00   0.0000000e+00   0.0000000e+00   8.4045655e+02   6.3601865e+02
   3.3000000e+01   0.0000000e+00   0.0000000e+00   8.3330844e+02   7.0143205e+02
   6.6000000e+01   0.0000000e+00   0.0000000e+00   8.2584922e+02   7.6761946e+02
   9.9000000e+01   0.0000000e+00   0.0000000e+00   8.1854248e+02   8.3527029e+02
