   0.0000000e+00   1.3200000e+02   0.0000000e+00   9.7575953e+02   6.3288144e+02
   3.3000000e+01   1.3200000e+02   0.0000000e+00   1.0347179e+03   6.1363014e+02
   6.6000000e+01   1.3200000e+02   0.0000000e+00   1.0893432e+03   5.9587040e+02
   9.9000000e+01   1.3200000e+02   0.0000000e+00   1.1388950e+03   5.7981554e+02
   0.0000000e+00   9.9000000e+01   0.0000000e+00   1.0432396e+03   6.6959741e+02
   3.3000000e+01   9.9000000e+01   0.0000000e+00   1.1018254e+03   6.4785944e+02
   6.6000000e+01   9.9000000e+01   0.0000000e+00   1.1551520e+03   6.2783634e+02
   9.9000000e+01   9.9000000e+01   0.0000000e+00   1.2038992e+03   6.1024070e+02
   0.0000000e+00   6.6000000e+01   0.0000000e+00   1.1181062e+03   7.0942629e+02
   3.3000000e+01   6.6000000e+01   0.0000000e+00   1.1738759e+03   6.8462563e+02
   6.6000000e+01   6.6000000e+01   0.0000000e+00   1.2269165e+03   6.6249878e+02
   9.9000000e+01   6.6000000e+01   0.0000000e+00   1.2753463e+03   6.4203587e+02
   0.0000000e+00   3.3000000e+01   0.0000000e+00   1.1977435e+03   7.5255181e+02
   3.3000000e+01   3.3000000e+01   0.0000000e+00   1.2544006e+03   7.2430301e+02
   6.6000000e+01   3.3000000e+01   0.0000000e+00   1.3037946e+03   6.9953738e+02
   9.9000000e+01   3.3000000e+01   0.0000000e+00   1.3510635e+03   6.7648400e+02
   0.0000000e+00   0.0000000e+00   0.0000000e+00   1.2873725e+03   7.9975403e+02
   3.3000000e+01   0.0000000e+00   0.0000000e+00   1.3396902e+03   7.6849125e+02
   6.6000000e+01   0.0000000e+00   0.0000000e+00   1.3884264e+03   7.3980623e+02
   9.9000000e+01   0.0000000e+00   0.0000000e+00   1.4316816e+03   7.1350432e+02
