   0.0000000e+00   1.3200000e+02   0.0000000e+00   9.5424716e+02   6.2725385e+02
   3.3000000e+01   1.3200000e+02   0.0000000e+00   1.0413805e+03   6.4488943e+02
   6.6000000e+01   1.3200000e+02   0.0000000e+00   1.1324450e+03   6.6324292e+02
   9.9000000e+01   1.3200000e+02   0.0000000e+00   1.2292582e+03   6.8279868e+02
   0.0000000e+00   9.9000000e+01   0.0000000e+00   9.1471573e+02   6.8369133e+02
   3.3000000e+01   9.9000000e+01   0.0000000e+00   1.0053541e+03   7.0352470e+02
   6.6000000e+01   9.9000000e+01   0.0000000e+00   1.1005787e+03   7.2441596e+02
   9.9000000e+01   9.9000000e+01   0.0000000e+00   1.2014725e+03   7.4765989e+02
   0.0000000e+00   6.6000000e+01   0.0000000e+00   8.7039277e+02   7.4611878e+02
   3.3000000e+01   6.6000000e+01   0.0000000e+00   9.6528457e+02   7.6859021e+02
   6.6000000e+01   6.6000000e+01   0.0000000e+00   1.0652553e+03   7.9288044e+02
   9.9000000e+01   6.6000000e+01   0.0000000e+00   1.1713195e+03   8.1846474e+02
   0.0000000e+00   3.3000000e+01   0.0000000e+00   8.2120413e+02   8.1601854e+02
   3.3000000e+01   3.3000000e+01   0.0000000e+00   9.1990738e+02   8.4181478e+02
   6.6000000e+01   3.3000000e+01   0.0000000e+00   1.0251112e+03   8.6965211e+02
   9.9000000e+01   3.3000000e+01   0.0000000e+00   1.1367399e+03   8.9935695e+02
   0.0000000e+00   0.0000000e+00   0.0000000e+00   7.6530647e+02   8.9456737e+02
   3.3000000e+01   0.0000000e+00   0.0000000e+00   8.6958395e+02   9.2520479e+02
   6.6000000e+01   0.0000000e+00   0.0000000e+00   9.7965395e+02   9.5738359e+02
   9.9000000e+01   0.0000000e+00   0.0000000e+00   1.0979172e+03   9.9143229e+02
