   0.0000000e+00   1.3200000e+02   0.0000000e+00   1.0510854e+03   5.8523708e+02
   3.3000000e+01   1.3200000e+02   0.0000000e+00   1.1631519e+03   5.9437321e+02
   6.6000000e+01   1.3200000e+02   0.0000000e+00   1.2782609e+03   6.0332898e+02
   9.9000000e+01   1.3200000e+02   0.0000000e+00   1.3979949e+03   6.1411815e+02
   0.0000000e+00   9.9000000e+01   0.0000000e+00   1.0317300e+03   6.2080127e+02
   3.3000000e+01   9.9000000e+01   0.0000000e+00   1.1524267e+03   6.3118064e+02
   6.6000000e+01   9.9000000e+01   0.0000000e+00   1.2772029e+03   6.4202124e+02
   9.9000000e+01   9.9000000e+01   0.0000000e+00   1.4074278e+03   6.5442669e+02
   0.0000000e+00   6.6000000e+01   0.0000000e+00   1.0086250e+03   6.6267993e+02
   3.3000000e+01   6.6000000e+01   0.0000000e+00   1.1398621e+03   6.7423918e+02
   6.6000000e+01   6.6000000e+01   0.0000000e+00   1.2759117e+03   6.8741239e+02
   9.9000000e+01   6.6000000e+01   0.0000000e+00   1.4176871e+03   7.0020143e+02
   0.0000000e+00   3.3000000e+01   0.0000000e+00   9.8217039e+02   7.1179234e+02
   3.3000000e+01   3.3000000e+01   0.0000000e+00   1.1252635e+03   7.2561197e+02
   6.6000000e+01   3.3000000e+01   0.0000000e+00   1.2742729e+03   7.4138125e+02
   9.9000000e+01   3.3000000e+01   0.0000000e+00   1.4311826e+03   7.5661207e+02
   0.0000000e+00   0.0000000e+00   0.0000000e+00   9.4869379e+02   7.7188441e+02
   3.3000000e+01   0.0000000e+00   0.0000000e+00   1.1073573e+03   7.8958259e+02
   6.6000000e+01   0.0000000e+00   0.0000000e+00   1.2728890e+03   8.0739473e+02
   9.9000000e+01   0.0000000e+00   0.0000000e+00   1.4466341e+03   8.2552481e+02
