   0.0000000e+00   1.3200000e+02   0.0000000e+00   1.1276444e+03   6.1033319e+02
   3.3000000e+01   1.3200000e+02   0.0000000e+00   1.1655492e+03   6.0268816e+02
   6.6000000e+01   1.3200000e+02   0.0000000e+00   1.2066869e+03   5.9376964e+02
   9.9000000e+01   1.3200000e+02   0.0000000e+00   1.2324919e+03   5.8953861e+02
   0.0000000e+00   9.9000000e+01   0.0000000e+00   1.1701046e+03   6.2749798e+02
   3.3000000e+01   9.9000000e+01   0.0000000e+00   1.2089560e+03   6.1853063e+02
   6.6000000e+01   9.9000000e+01   0.0000000e+00   1.2446092e+03   6.1024632e+02
   9.9000000e+01   9.9000000e+01   0.0000000e+00   1.2868168e+03   6.0026629e+02
   0.0000000e+00   6.6000000e+01   0.0000000e+00   1.2154175e+03   6.4528694e+02
   3.3000000e+01   6.6000000e+01   0.0000000e+00   1.2518366e+03   6.3600014e+02
   6.6000000e+01   6.6000000e+01   0.0000000e+00   1.2952829e+03   6.2400252e+02
   9.9000000e+01   6.6000000e+01   0.0000000e+00   1.3107964e+03   6.2102390e+02
   0.0000000e+00   3.3000000e+01   0.0000000e+00   1.2623183e+03   6.6417181e+02
   3.3000000e+01   3.3000000e+01   0.0000000e+00   1.2986395e+03   6.5404492e+02
   6.6000000e+01   3.3000000e+01   0.0000000e+00   1.3365305e+03   6.4401857e+02
   9.9000000e+01   3.3000000e+01   0.0000000e+00   1.3722778e+03   6.3221668e+02
   0.0000000e+00   0.0000000e+00   0.0000000e+00   1.3127224e+03   6.8440600e+02
   3.3000000e+01   0.0000000e+00   0.0000000e+00   1.3504176e+03   6.7319847e+02
   6.6000000e+01   0.0000000e+00   0.0000000e+00   1.3845746e+03   6.6315866e+02
   9.9000000e+01   0.0000000e+00   0.0000000e+00   1.4174185e+03   6.5249431e+02
