   0.0000000e+00   1.3200000e+02   0.0000000e+00   8.2768593e+02   5.4864329e+02
   3.3000000e+01   1.3200000e+02   0.0000000e+00   8.3270696e+02   4.9854054e+02
   6.6000000e+01   1.3200000e+02   0.0000000e+00   8.3757844e+02   4.4931920e+02
   9.9000000e+01   1.3200000e+02   0.0000000e+00   8.4239648e+02   4.0141612e+02
   0.0000000e+00   9.9000000e+01   0.0000000e+00   8.8233693e+02   5.5133774e+02
   3.3000000e+01   9.9000000e+01   0.0000000e+00   8.8595925e+02   5.0083261e+02
   6.6000000e+01   9.9000000e+01   0.0000000e+00   8.9046135e+02   4.5212954e+02
   9.9000000e+01   9.9000000e+01   0.0000000e+00   8.9426407e+02   4.0440150e+02
   0.0000000e+00   6.6000000e+01   0.0000000e+00   9.3565782e+02   5.5389777e+02
   3.3000000e+01   6.6000000e+01   0.0000000e+00   9.3945079e+02   5.0336463e+02
   6.6000000e+01   6.6000000e+01   0.0000000e+00   9.4284447e+02   4.5442197e+02
   9.9000000e+01   6.6000000e+01   0.0000000e+00   9.4651344e+02   4.0637622e+02
   0.0000000e+00   3.3000000e+01   0.0000000e+00   9.9009791e+02   5.5660239e+02
   3.3000000e+01   3.3000000e+01   0.0000000e+00   9.9332746e+02   5.0581704e+02
   6.6000000e+01   3.3000000e+01   0.0000000e+00   9.9583151e+02   4.5674585e+02
   9.9000000e+01   3.3000000e+01   0.0000000e+00   9.9886548e+02   4.0839596e+02
   0.0000000e+00   0.0000000e+00   0.0000000e+00   1.0442838e+03   5.5897934e+02
   3.3000000e+01   0.0000000e+00   0.0000000e+00   1.0465503e+03   5.0836263e+02
   6.6000000e+01   0.0000000e+00   0.0000000e+00   1.0493014e+03   4.5898461e+02
   9.9000000e+01   0.0000000e+00   0.0000000e+00   1.0508015e+03   4.1076048e+02
