   0.0000000e+00   1.3200000e+02   0.0000000e+00   4.9680777e+02   7.6237028e+02
   3.3000000e+01   1.3200000e+02   0.0000000e+00   4.7044988e+02   7.0424691e+02
   6.6000000e+01   1.3200000e+02   0.0000000e+00   4.4575749e+02   6.4963765e+02
   9.9000000e+01   1.3200000e+02   0.0000000e+00   4.2364008e+02   5.9929430e+02
   0.0000000e+00   9.9000000e+01   0.0000000e+00   5.8205031e+02   7.2873850e+02
   3.3000000e+01   9.9000000e+01   0.0000000e+00   5.5258249e+02   6.7292953e+02
   6.6000000e+01   9.9000000e+01   0.0000000e+00   5.2574043e+02   6.2083188e+02
   9.9000000e+01   9.9000000e+01   0.0000000e+00   4.9982166e+02   5.7258832e+02
   0.0000000e+00   6.6000000e+01   0.0000000e+00   6.6408168e+02   6.9660886e+02
   3.3000000e+01   6.6000000e+01   0.0000000e+00   6.3177130e+02   6.4257693e+02
   6.6000000e+01   6.6000000e+01   0.0000000e+00   6.0324141e+02   5.9345810e+02
   9.9000000e+01   6.6000000e+01   0.0000000e+00   5.7489269e+02   5.4630993e+02
   0.0000000e+00   3.3000000e+01   0.0000000e+00   7.4129335e+02   6.6517980e+02
   3.3000000e+01   3.3000000e+01   0.0000000e+00   7.0809069e+02   6.1375971e+02
   6.6000000e+01   3.3000000e+01   0.0000000e+00   6.7671027e+02   5.6637707e+02
   9.9000000e+01   3.3000000e+01   0.0000000e+00   6.4740451e+02   5.2137229e+02
   0.0000000e+00   0.0000000e+00   0.0000000e+00   8.1495057e+02   6.3537129e+02
   3.3000000e+01   0.0000000e+00   0.0000000e+00   7.8000553e+02   5.8628688e+02
   6.6000000e+01   0.0000000e+00   0.0000000e+00   7.4738402e+02   5.4062146e+02
   9.9000000e+01   0.0000000e+00   0.0000000e+00   7.1654576e+02   4.9740259e+02
