   0.0000000e+00   1.3200000e+02   0.0000000e+00   1.0281956e+03   3.9319436e+02
   3.3000000e+01   1.3200000e+02   0.0000000e+00   1.1055050e+03   4.1555838e+02
   6.6000000e+01   1.3200000e+02   0.0000000e+00   1.1863692e+03   4.3845620e+02
   9.9000000e+01   1.3200000e+02   0.0000000e+00   1.2715673e+03   4.6305097e+02
   0.0000000e+00   9.9000000e+01   0.0000000e+00   9.8971611e+02   4.5249222e+02
   3.3000000e+01   9.9000000e+01   0.0000000e+00   1.0687062e+03   4.7697582e+02
   6.6000000e+01   9.9000000e+01   0.0000000e+00   1.1512670e+03   5.0181759e+02
   9.9000000e+01   9.9000000e+01   0.0000000e+00   1.2378036e+03   5.2902520e+02
   0.0000000e+00   6.6000000e+01   0.0000000e+00   9.4875623e+02   5.1529873e+02
   3.3000000e+01   6.6000000e+01   0.0000000e+00   1.0301145e+03   5.4136639e+02
   6.6000000e+01   6.6000000e+01   0.0000000e+00   1.1136678e+03   5.6941825e+02
   9.9000000e+01   6.6000000e+01   0.0000000e+00   1.2026708e+03   5.9844079e+02
   0.0000000e+00   3.3000000e+01   0.0000000e+00   9.0605199e+02   5.8149166e+02
   3.3000000e+01   3.3000000e+01   0.0000000e+00   9.8787126e+02   6.1036110e+02
   6.6000000e+01   3.3000000e+01   0.0000000e+00   1.0737533e+03   6.4089861e+02
   9.9000000e+01   3.3000000e+01   0.0000000e+00   1.1645044e+03   6.7334010e+02
   0.0000000e+00   0.0000000e+00   0.0000000e+00   8.5945931e+02   6.5276264e+02
   3.3000000e+01   0.0000000e+00   0.0000000e+00   9.4329687e+02   6.8468881e+02
   6.6000000e+01   0.0000000e+00   0.0000000e+00   1.0312127e+03   7.1783993e+02
   9.9000000e+01   0.0000000e+00   0.0000000e+00   1.1240914e+03   7.5325884e+02
