   0.0000000e+00   1.3200000e+02   0.0000000e+00   7.6781901e+02   4.5830238e+02
   3.3000000e+01   1.3200000e+02   0.0000000e+00   7.7159364e+02   4.0727624e+02
   6.6000000e+01   1.3200000e+02   0.0000000e+00   7.7454504e+02   3.5657230e+02
   9.9000000e+01   1.3200000e+02   0.0000000e+00   7.7846984e+02   3.0551157e+02
   0.0000000e+00   9.9000000e+01   0.0000000e+00   8.1980005e+02   4.6226669e+02
   3.3000000e+01   9.9000000e+01   0.0000000e+00   8.2299688e+02   4.1113771e+02
   6.6000000e+01   9.9000000e+01   0.0000000e+00   8.2675957e+02   3.5989380e+02
   9.9000000e+01   9.9000000e+01   0.0000000e+00   8.2950360e+02   3.1023586e+02
   0.0000000e+00   6.6000000e+01   0.0000000e+00   8.7137733e+02   4.6547184e+02
   3.3000000e+01   6.6000000e+01   0.0000000e+00   8.7423879e+02   4.1449387e+02
   6.6000000e+01   6.6000000e+01   0.0000000e+00   8.7751092e+02   3.6436914e+02
   9.9000000e+01   6.6000000e+01   0.0000000e+00   8.8068481e+02   3.1324046e+02
   0.0000000e+00   3.3000000e+01   0.0000000e+00   9.2219590e+02   4.6868066e+02
   3.3000000e+01   3.3000000e+01   0.0000000e+00   9.2545280e+02   4.1803379e+02
   6.6000000e+01   3.3000000e+01   0.0000000e+00   9.2831757e+02   3.6776912e+02
   9.9000000e+01   3.3000000e+01   0.0000000e+00   9.3158426e+02   3.1697525e+02
   0.0000000e+00   0.0000000e+00   0.0000000e+00   9.7299891e+02   4.7255635e+02
   3.3000000e+01   0.0000000e+00   0.0000000e+00   9.7564538e+02   4.2150321e+02
   6.6000000e+01   0.0000000e+00   0.0000000e+00   9.7922390e+02   3.7140122e+02
   9.9000000e+01   0.0000000e+00   0.0000000e+00   9.8236308e+02   3.2074303e+02
