   0.0000000e+00   1.3200000e+02   0.0000000e+00   6.3412876e+02   8.4878206e+02
   3.3000000e+01   1.3200000e+02   0.0000000e+00   5.2981774e+02   8.4160434e+02
   6.6000000e+01   1.3200000e+02   0.0000000e+00   4.2914211e+02   8.3254490e+02
   9.9000000e+01   1.3200000e+02   0.0000000e+00   3.2912322e+02   8.2431027e+02
   0.0000000e+00   9.9000000e+01   0.0000000e+00   6.5422414e+02   7.6379124e+02
   3.3000000e+01   9.9000000e+01   0.0000000e+00   5.5548332e+02   7.5670713e+02
   6.6000000e+01   9.9000000e+01   0.0000000e+00   4.5756793e+02   7.4868014e+02
   9.9000000e+01   9.9000000e+01   0.0000000e+00   3.6079514e+02   7.4215084e+02
   0.0000000e+00   6.6000000e+01   0.0000000e+00   6.7256907e+02   6.8619050e+02
   3.3000000e+01   6.6000000e+01   0.0000000e+00   5.7820645e+02   6.7940417e+02
   6.6000000e+01   6.6000000e+01   0.0000000e+00   4.8379454e+02   6.7268722e+02
   9.9000000e+01   6.6000000e+01   0.0000000e+00   3.9156869e+02   6.6511957e+02
   0.0000000e+00   3.3000000e+01   0.0000000e+00   6.8965937e+02   6.1537813e+02
   3.3000000e+01   3.3000000e+01   0.0000000e+00   5.9927181e+02   6.0862821e+02
   6.6000000e+01   3.3000000e+01   0.0000000e+00   5.0913090e+02   6.0209663e+02
   9.9000000e+01   3.3000000e+01   0.0000000e+00   4.1951352e+02   5.9494004e+02
   0.0000000e+00   0.0000000e+00   0.0000000e+00   7.0438713e+02   5.5088504e+02
   3.3000000e+01   0.0000000e+00   0.0000000e+00   6.1776413e+02   5.4440354e+02
   6.6000000e+01   0.0000000e+00   0.0000000e+00   5.3120395e+02   5.3783052e+02
   9.9000000e+01   0.0000000e+00   0.0000000e+00   4.4494599e+02   5.3143676e+02
