   0.0000000e+00   1.3200000e+02   0.0000000e+00   8.0687694e+02   6.3216803e+02
   3.3000000e+01   1.3200000e+02   0.0000000e+00   8.2608889e+02   6.0784043e+02
   6.6000000e+01   1.3200000e+02   0.0000000e+00   8.4060496e+02   5.8671521e+02
   9.9000000e+01   1.3200000e+02   0.0000000e+00   8.5641501e+02   5.6650658e+02
   0.0000000e+00   9.9000000e+01   0.0000000e+00   8.6912531e+02   6.4222031e+02
   3.3000000e+01   9.9000000e+01   0.0000000e+00   8.8437004e+02   6.1788645e+02
   6.6000000e+01   9.9000000e+01   0.0000000e+00   8.9823107e+02   5.9568051e+02
   9.9000000e+01   9.9000000e+01   0.0000000e+00   9.1079753e+02   5.7558826e+02
   0.0000000e+00   6.6000000e+01   0.0000000e+00   9.3140372e+02   6.5243086e+02
   3.3000000e+01   6.6000000e+01   0.0000000e+00   9.4410100e+02   6.2757737e+02
   6.6000000e+01   6.6000000e+01   0.0000000e+00   9.5544239e+02   6.0501929e+02
   9.9000000e+01   6.6000000e+01   0.0000000e+00   9.6628849e+02   5.8395225e+02
   0.0000000e+00   3.3000000e+01   0.0000000e+00   9.9409070e+02   6.6266292e+02
   3.3000000e+01   3.3000000e+01   0.0000000e+00   1.0041970e+03   6.3724811e+02
   6.6000000e+01   3.3000000e+01   0.0000000e+00   1.0135745e+03   6.1399023e+02
   9.9000000e+01   3.3000000e+01   0.0000000e+00   1.0223638e+03   5.9229723e+02
   0.0000000e+00   0.0000000e+00   0.0000000e+00   1.0575698e+03   6.7327839e+02
   3.3000000e+01   0.0000000e+00   0.0000000e+00   1.0654151e+03   6.4736079e+02
   6.6000000e+01   0.0000000e+00   0.0000000e+00   1.0723188e+03   6.2338039e+02
   9.9000000e+01   0.0000000e+00   0.0000000e+00   1.0789831e+03   6.0115814e+02
