   0.0000000e+00   1.3200000e+02   0.0000000e+00   8.4604121e+02   6.5349727e+02
   3.3000000e+01   1.3200000e+02   0.0000000e+00   8.3935517e+02   6.1172376e+02
   6.6000000e+01   1.3200000e+02   0.0000000e+00   8.3296615e+02   5.7347875e+02
   9.9000000e+01   1.3200000e+02   0.0000000e+00   8.2761271e+02   5.3910105e+02
   0.0000000e+00   9.9000000e+01   0.0000000e+00   9.2444918e+02   6.4872933e+02
   3.3000000e+01   9.9000000e+01   0.0000000e+00   9.1432426e+02   6.0738712e+02
   6.6000000e+01   9.9000000e+01   0.0000000e+00   9.0511626e+02   5.6953914e+02
   9.9000000e+01   9.9000000e+01   0.0000000e+00   8.9641191e+02   5.3556500e+02
   0.0000000e+00   6.6000000e+01   0.0000000e+00   1.0017127e+03   6.4344291e+02
   3.3000000e+01   6.6000000e+01   0.0000000e+00   9.8827579e+02   6.0287786e+02
   6.6000000e+01   6.6000000e+01   0.0000000e+00   9.7537214e+02   5.6559609e+02
   9.9000000e+01   6.6000000e+01   0.0000000e+00   9.6404452e+02   5.3152016e+02
   0.0000000e+00   3.3000000e+01   0.0000000e+00   1.0774069e+03   6.3846488e+02
   3.3000000e+01   3.3000000e+01   0.0000000e+00   1.0603212e+03   5.9791276e+02
   6.6000000e+01   3.3000000e+01   0.0000000e+00   1.0451793e+03   5.6151149e+02
   9.9000000e+01   3.3000000e+01   0.0000000e+00   1.0305887e+03   5.2749554e+02
   0.0000000e+00   0.0000000e+00   0.0000000e+00   1.1515992e+03   6.3325933e+02
   3.3000000e+01   0.0000000e+00   0.0000000e+00   1.1314694e+03   5.9366052e+02
   6.6000000e+01   0.0000000e+00   0.0000000e+00   1.1128333e+03   5.5724274e+02
   9.9000000e+01   0.0000000e+00   0.0000000e+00   1.0965326e+03   5.2404303e+02
