   0.0000000e+00   1.3200000e+02   0.0000000e+00   1.1958307e+03   3.4344980e+02
   3.3000000e+01   1.3200000e+02   0.0000000e+00   1.2964135e+03   3.4106168e+02
   6.6000000e+01   1.3200000e+02   0.0000000e+00   1.3984319e+03   3.3929082e+02
   9.9000000e+01   1.3200000e+02   0.0000000e+00   1.5008780e+03   3.3803958e+02
   0.0000000e+00   9.9000000e+01   0.0000000e+00   1.1963633e+03   4.2179120e+02
   3.3000000e+01   9.9000000e+01   0.0000000e+00   1.3015100e+03   4.2038523e+02
   6.6000000e+01   9.9000000e+01   0.0000000e+00   1.4069334e+03   4.1848100e+02
   9.9000000e+01   9.9000000e+01   0.0000000e+00   1.5141778e+03   4.1817486e+02
   0.0000000e+00   6.6000000e+01   0.0000000e+00   1.1973862e+03   5.0574873e+02
   3.3000000e+01   6.6000000e+01   0.0000000e+00   1.3057676e+03   5.0497929e+02
   6.6000000e+01   6.6000000e+01   0.0000000e+00   1.4170547e+03   5.0452214e+02
   9.9000000e+01   6.6000000e+01   0.0000000e+00   1.5277351e+03   5.0387031e+02
   0.0000000e+00   3.3000000e+01   0.0000000e+00   1.1982718e+03   5.9620565e+02
   3.3000000e+01   3.3000000e+01   0.0000000e+00   1.3116304e+03   5.9661425e+02
   6.6000000e+01   3.3000000e+01   0.0000000e+00   1.4266561e+03   5.9723480e+02
   9.9000000e+01   3.3000000e+01   0.0000000e+00   1.5434953e+03   5.9725715e+02
   0.0000000e+00   0.0000000e+00   0.0000000e+00   1.1997650e+03   6.9466239e+02
   3.3000000e+01   0.0000000e+00   0.0000000e+00   1.3174688e+03   6.9628172e+02
   6.6000000e+01   0.0000000e+00   0.0000000e+00   1.4379404e+03   6.9815455e+02
   9.9000000e+01   0.0000000e+00   0.0000000e+00   1.5586833e+03   6.9903592e+02
