   0.0000000e+00   1.3200000e+02   0.0000000e+00   9.1564222e+02   5.6678138e+02
   3.3000000e+01   1.3200000e+02   0.0000000e+00   9.6953051e+02   5.1853467e+02
   6.6000000e+01   1.3200000e+02   0.0000000e+00   1.0226806e+03   4.7090902e+02
   9.9000000e+01   1.3200000e+02   0.0000000e+00   1.0748601e+03   4.2394305e+02
   0.0000000e+00   9.9000000e+01   0.0000000e+00   9.6013225e+02   6.1040204e+02
   3.3000000e+01   9.9000000e+01   0.0000000e+00   1.0147652e+03   5.6036222e+02
   6.6000000e+01   9.9000000e+01   0.0000000e+00   1.0694423e+03   5.1108393e+02
   9.9000000e+01   9.9000000e+01   0.0000000e+00   1.1230765e+03   4.6320915e+02
   0.0000000e+00   6.6000000e+01   0.0000000e+00   1.0058833e+03   6.5610156e+02
   3.3000000e+01   6.6000000e+01   0.0000000e+00   1.0627425e+03   6.0422422e+02
   6.6000000e+01   6.6000000e+01   0.0000000e+00   1.1179274e+03   5.5413430e+02
   9.9000000e+01   6.6000000e+01   0.0000000e+00   1.1740359e+03   5.0253334e+02
   0.0000000e+00   3.3000000e+01   0.0000000e+00   1.0561977e+03   7.0523161e+02
   3.3000000e+01   3.3000000e+01   0.0000000e+00   1.1141346e+03   6.5115811e+02
   6.6000000e+01   3.3000000e+01   0.0000000e+00   1.1707871e+03   5.9856555e+02
   9.9000000e+01   3.3000000e+01   0.0000000e+00   1.2268620e+03   5.4697383e+02
   0.0000000e+00   0.0000000e+00   0.0000000e+00   1.1078610e+03   7.5775260e+02
   3.3000000e+01   0.0000000e+00   0.0000000e+00   1.1676403e+03   7.0160911e+02
   6.6000000e+01   0.0000000e+00   0.0000000e+00   1.2270445e+03   6.4637411e+02
   9.9000000e+01   0.0000000e+00   0.0000000e+00   1.2845913e+03   5.9231273e+02
