   0.0000000e+00   1.3200000e+02   0.0000000e+00   7.8492007e+02   7.6284967e+02
   3.3000000e+01   1.3200000e+02   0.0000000e+00   7.9048011e+02   7.2697264e+02
   6.6000000e+01   1.3200000e+02   0.0000000e+00   7.9549061e+02   6.9430383e+02
   9.9000000e+01   1.3200000e+02   0.0000000e+00   8.0004950e+02   6.6486244e+02
   0.0000000e+00   9.9000000e+01   0.0000000e+00   8.6152420e+02   7.6105501e+02
   3.3000000e+01   9.9000000e+01   0.0000000e+00   8.6347945e+02   7.2530894e+02
   6.6000000e+01   9.9000000e+01   0.0000000e+00   8.6458774e+02   6.9276273e+02
   9.9000000e+01   9.9000000e+01   0.0000000e+00   8.6564384e+02   6.6349791e+02
   0.0000000e+00   6.6000000e+01   0.0000000e+00   9.3744960e+02   7.5916136e+02
   3.3000000e+01   6.6000000e+01   0.0000000e+00   9.3525792e+02   7.2306614e+02
   6.6000000e+01   6.6000000e+01   0.0000000e+00   9.3298965e+02   6.9137933e+02
   9.9000000e+01   6.6000000e+01   0.0000000e+00   9.3146474e+02   6.6167150e+02
   0.0000000e+00   3.3000000e+01   0.0000000e+00   1.0123071e+03   7.5706711e+02
   3.3000000e+01   3.3000000e+01   0.0000000e+00   1.0063611e+03   7.2129275e+02
   6.6000000e+01   3.3000000e+01   0.0000000e+00   1.0013191e+03   6.8929925e+02
   9.9000000e+01   3.3000000e+01   0.0000000e+00   9.9672949e+02   6.5981879e+02
   0.0000000e+00   0.0000000e+00   0.0000000e+00   1.0868253e+03   7.5514637e+02
   3.3000000e+01   0.0000000e+00   0.0000000e+00   1.0777604e+03   7.2003284e+02
   6.6000000e+01   0.0000000e+00   0.0000000e+00   1.0689719e+03   6.8777938e+02
   9.9000000e+01   0.0000000e+00   0.0000000e+00   1.0613878e+03   6.5849204e+02
