   0.0000000e+00   1.3200000e+02   0.0000000e+00   1.0429002e+03   6.9791200e+02
   3.3000000e+01   1.3200000e+02   0.0000000e+00   1.0968395e+03   7.0053529e+02
   6.6000000e+01   1.3200000e+02   0.0000000e+00   1.1505562e+03   7.0295090e+02
   9.9000000e+01   1.3200000e+02   0.0000000e+00   1.2038969e+03   7.0535887e+02
   0.0000000e+00   9.9000000e+01   0.0000000e+00   1.0454787e+03   7.3319886e+02
   3.3000000e+01   9.9000000e+01   0.0000000e+00   1.1016585e+03   7.3549992e+02
   6.6000000e+01   9.9000000e+01   0.0000000e+00   1.1569630e+03   7.3795860e+02
   9.9000000e+01   9.9000000e+01   0.0000000e+00   1.2127535e+03   7.4093669e+02
   0.0000000e+00   6.6000000e+01   0.0000000e+00   1.0487214e+03   7.7094606e+02
   3.3000000e+01   6.6000000e+01   0.0000000e+00   1.1064299e+03   7.7313956e+02
   6.6000000e+01   6.6000000e+01   0.0000000e+00   1.1640310e+03   7.7590211e+02
   9.9000000e+01   6.6000000e+01   0.0000000e+00   1.2209770e+03   7.7818127e+02
   0.0000000e+00   3.3000000e+01   0.0000000e+00   1.0517128e+03   8.1115028e+02
   3.3000000e+01   3.3000000e+01   0.0000000e+00   1.1117763e+03   8.1320729e+02
   6.6000000e+01   3.3000000e+01   0.0000000e+00   1.1716252e+03   8.1622251e+02
   9.9000000e+01   3.3000000e+01   0.0000000e+00   1.2311338e+03   8.1876355e+02
   0.0000000e+00   0.0000000e+00   0.0000000e+00   1.0554662e+03   8.5456198e+02
   3.3000000e+01   0.0000000e+00   0.0000000e+00   1.1176388e+03   8.5705012e+02
   6.6000000e+01   0.0000000e+00   0.0000000e+00   1.1792398e+03   8.5936697e+02
   9.9000000e+01   0.0000000e+00   0.0000000e+00   1.2407423e+03   8.6160758e+02
