   0.0000000e+00   1.3200000e+02   0.0000000e+00   9.0252060e+02   5.4887794e+02
   3.3000000e+01   1.3200000e+02   0.0000000e+00   9.0154483e+02   5.0546748e+02
   6.6000000e+01   1.3200000e+02   0.0000000e+00   8.9944113e+02   4.6283570e+02
   9.9000000e+01   1.3200000e+02   0.0000000e+00   8.9755366e+02   4.2060195e+02
   0.0000000e+00   9.9000000e+01   0.0000000e+00   9.4552617e+02   5.4703922e+02
   3.3000000e+01   9.9000000e+01   0.0000000e+00   9.4465633e+02   5.0361337e+02
   6.6000000e+01   9.9000000e+01   0.0000000e+00   9.4287927e+02   4.6113964e+02
   9.9000000e+01   9.9000000e+01   0.0000000e+00   9.4084854e+02   4.1857036e+02
   0.0000000e+00   6.6000000e+01   0.0000000e+00   9.8952339e+02   5.4519423e+02
   3.3000000e+01   6.6000000e+01   0.0000000e+00   9.8755041e+02   5.0146884e+02
   6.6000000e+01   6.6000000e+01   0.0000000e+00   9.8573068e+02   4.5921282e+02
   9.9000000e+01   6.6000000e+01   0.0000000e+00   9.8410855e+02   4.1642983e+02
   0.0000000e+00   3.3000000e+01   0.0000000e+00   1.0334642e+03   5.4301788e+02
   3.3000000e+01   3.3000000e+01   0.0000000e+00   1.0312678e+03   4.9976304e+02
   6.6000000e+01   3.3000000e+01   0.0000000e+00   1.0295068e+03   4.5709179e+02
   9.9000000e+01   3.3000000e+01   0.0000000e+00   1.0272734e+03   4.1451692e+02
   0.0000000e+00   0.0000000e+00   0.0000000e+00   1.0767655e+03   5.4119994e+02
   3.3000000e+01   0.0000000e+00   0.0000000e+00   1.0752011e+03   4.9764849e+02
   6.6000000e+01   0.0000000e+00   0.0000000e+00   1.0727886e+03   4.5493345e+02
   9.9000000e+01   0.0000000e+00   0.0000000e+00   1.0705504e+03   4.1225363e+02
